This is a worked through example to help show the pattern used to solve Problem 169

8642		1	1	1	1
86411		2	1	1	1
864100		3	1	1	1
				1	1
86332		1	2	1	1
863311		2	2	1	1
8633100		3	2	1	1
				1	1
8632211		2	3	1	1
86322100	3	3	1	1
					1
85542		1	1	2	1
855411		2	1	2	1
8554100		3	1	2	1
				2	1
855332		1	2	2	1
8553311		2	2	2	1
85533100	3	2	2	1
				2	1
85532211	2	3	2	1
855322100	3	3	2	1
					1
8544332		1	2	3	1
85443311	2	2	3	1
854433100	3	2	3	1
				3	1
854432211	2	3	3	1
8544322100	3	3	3	1

77642		1	1	1	2
776411		2	1	1	2
7764100		3	1	1	2
				1	2
776332		1	2	1	2
7763311		2	2	1	2
77633100	3	2	1	2
				1	2
77632211	2	3	1	2
776322100	3	3	1	2
					2
775542		1	1	2	2
7755411		2	1	2	2
77554100	3	1	2	2
				2	2
7755332		1	2	2	2
77553311	2	2	2	2
775533100	3	2	2	2
				2	2
77552211	2	3	2	2
775522100	3	3	2	2
					2
77544332	1	2	3	2
775443311	2	2	3	2
7754433100	3	2	3	2
				3	2
7754432211	2	3	3	2
77544322100	3	3	3	2

7665542		1	1	2	3
76655411	2	1	2	3
766554100	3	1	2	3
				2	3
76655332	1	2	2	3
766553311	2	2	2	3
7665533100	3	2	2	3
				2	3
7665532211	2	3	2	3
76655322100	3	3	2	3
					3
766544332	1	2	3	3
7665443311	2	2	3	3
76654433100	3	2	3	3
				3	3
76654432211	2	3	3	3
766544322100	3	3	3	3
